FTD50  :924.0896034240723ms        FTD90  :1007.6996135711669ms
LTD50  :641.1165618896488ms        LTD90  :1208.9100551605227ms
AvgTD50:678.6239953835806ms        AvgTD90:763.8724460601807ms
