FTD50  :97.93893814086915ms        FTD90  :173.8976001739502ms
LTD50  :200.37594795227042ms        LTD90  :362.8915214538573ms
AvgTD50:157.3569517550261ms        AvgTD90:225.7151417505173ms
