FTD50  :-9.48159217834471ms        FTD90  :51.89857482910157ms
LTD50  :-37.93854713439937ms        LTD90  :13.771953582763619ms
AvgTD50:1.374668280283558ms        AvgTD90:30.5415380001068ms
